NODE 8 8 0 0 0 0
1.59369 1.35212 0
1.56844 1.48512 0
1.5901 1.67561 0
1.60004 1.8817 0
1.56771 2.06165 0
1.51115 2.2616 0
1.32752 2.29351 0
1.15768 2.27207 0
1.00086 2.30182 0
0.703728 3.66301 0
-0.000348995 0.00999391 0
-0.00252492 0.00967599 0
-1.75366 3.40494 0
-1.69115 2.30643 0
-1.71921 2.09486 0
-1.78265 1.92004 0
-1.6957 1.67003 0
-1.72425 1.52216 0
-1.74974 1.3825 0
-1.753 1.26198 0
-1.75282 1.1383 0
-1.79678 1.04785 0
-1.77402 0.923497 0
-1.76444 0.806445 0
-1.81431 0.714677 0
-1.81607 0.623126 0
-1.8281 0.517747 0
-1.77155 0.417145 0
-1.7129 0.305886 0
-1.71495 0.227696 0
-1.70443 0.137884 0
-1.76885 0.0637171 0
-1.72993 -0.0150969 0
-1.71656 -0.108749 0
-1.66027 -0.179982 0
-1.709 -0.268753 0
-1.68434 -0.348412 0
-1.71411 -0.441288 0
-1.76739 -0.546659 0
-1.74644 -0.639969 0
-1.73652 -0.746066 0
-1.73744 -0.84036 0
-1.71218 -0.953965 0
-1.73374 -1.09391 0
-1.72445 -1.21588 0
-1.75126 -1.38058 0
-1.75424 -1.51823 0
-1.7156 -1.66398 0
-1.79203 -1.93861 0
-1.64105 -2.59458 0
-1.45761 -4.13035 0
-0.00118629 -0.00992939 0
0.00104528 -0.00994522 0
1.12326 -3.35707 0
1.53027 -2.83314 0
1.40552 -2.2936 0
1.49749 -1.83696 0
1.47802 -1.60245 0
1.47714 -1.43585 0
1.46512 -1.30193 0
1.49856 -1.21624 0
1.46654 -1.0778 0
1.53323 -1.01725 0
1.52015 -0.906661 0
1.51679 -0.78959 0
1.55057 -0.721 0
1.53708 -0.626894 0
1.52766 -0.539114 0
1.50388 -0.450841 0
1.52377 -0.378169 0
1.54997 -0.306566 0
1.5629 -0.231848 0
1.57222 -0.156596 0
1.55795 -0.0799583 0
1.56999 -0.0051515 0
1.58825 0.0745389 0
1.58285 0.150654 0
1.54261 0.232252 0
1.56788 0.318989 0
1.58954 0.403691 0
1.56834 0.47949 0
1.58303 0.562509 0
1.58692 0.663398 0
1.5828 0.746495 0
1.56282 0.830965 0
1.5899 0.945892 0
1.57604 1.04316 0
1.58906 1.18122 0
1.57343 1.28266 0
1.58251 1.44058 0
1.60863 1.60163 0
1.60675 1.79623 0
1.63238 1.99793 0
1.59639 2.20225 0
1.2421 2.38606 0
0.733613 2.83667 0
0.000327191 0.00999465 0
-0.0018973 0.00981836 0
-1.74326 3.98542 0
-1.73608 2.53198 0
-1.71303 2.22747 0
-1.71457 1.99428 0
-1.79309 1.62519 0
-1.79361 1.4557 0
-1.73633 1.28482 0
-1.77039 1.16625 0
-1.77781 1.06033 0
-1.80898 0.964406 0
-1.78085 0.842299 0
-1.79634 0.732635 0
-1.80847 0.644856 0
-1.81637 0.557504 0
-1.83948 0.475722 0
-1.73291 0.360446 0
-1.7087 0.270632 0
-1.7396 0.190517 0
-1.74674 0.106835 0
-1.76976 0.0289757 0
-1.71875 -0.0656371 0
-1.743 -0.156326 0
-1.71368 -0.237031 0
-1.71017 -0.320822 0
-1.75118 -0.416382 0
-1.71958 -0.497144 0
-1.77691 -0.613991 0
-1.76398 -0.705968 0
-1.72893 -0.787917 0
-1.77803 -0.915748 0
-1.73938 -1.02711 0
-1.73905 -1.15923 0
-1.76133 -1.31822 0
-1.76544 -1.45853 0
-1.75681 -1.6204 0
-1.78209 -1.86563 0
-1.83265 -2.16956 0
-1.54893 -3.01545 0
-0.0025038 -0.00968148 0
-0.000327191 -0.00999465 0
0.00187587 -0.00982248 0
1.2788 -3.22577 0
1.52541 -2.58324 0
1.45063 -2.14564 0
1.52809 -1.67864 0
1.49621 -1.47356 0
1.50115 -1.35164 0
1.45586 -1.18949 0
1.49517 -1.10637 0
1.51327 -1.01114 0
1.53433 -0.921918 0
1.56732 -0.822442 0
1.55726 -0.730303 0
1.54218 -0.640777 0
1.5411 -0.560913 0
1.51848 -0.471501 0
1.55872 -0.403112 0
1.55668 -0.32379 0
1.5803 -0.250295 0
1.59049 -0.174187 0
1.58703 -0.0970672 0
1.54987 -0.0202889 0
1.61919 0.0512246 0
1.5841 0.136836 0
1.5764 0.207537 0
1.61188 0.302384 0
1.58702 0.371852 0
1.57398 0.460623 0
1.58966 0.543488 0
1.634 0.65395 0
1.61973 0.738154 0
1.60912 0.828752 0
1.59349 0.92 0
1.58956 1.02244 0
1.57634 1.14789 0
1.58467 1.30051 0
1.61464 1.47954 0
1.59452 1.62969 0
1.64177 1.87208 0
1.57034 1.99641 0
1.53659 2.22011 0
1.35676 2.24134 0
1.18952 2.26686 0
1.0309 2.28852 0
0.729621 3.56613 0
-0.000185343 0.00999828 0
-0.00236618 0.00971603 0
-1.71478 3.4582 0
-1.71704 2.37417 0
-1.69287 2.09052 0
-1.7768 1.93904 0
-1.7655 1.7274 0
-1.69189 1.51341 0
-1.76087 1.40066 0
-1.76504 1.27946 0
-1.75653 1.13257 0
-1.79379 1.03306 0
-1.76123 0.904685 0
-1.80261 0.819142 0
-1.82816 0.733988 0
-1.85598 0.630021 0
-1.84388 0.535277 0
-1.7785 0.431086 0
-1.75019 0.324379 0
-1.75304 0.24444 0
-1.75279 0.159146 0
-1.75841 0.0748674 0
-1.75997 -0.0095839 0
-1.76682 -0.106113 0
-1.72924 -0.193201 0
-1.71798 -0.275945 0
-1.79084 -0.376572 0
-1.76103 -0.459535 0
-1.73695 -0.543496 0
-1.74644 -0.639969 0
-1.75736 -0.748199 0
-1.71943 -0.831652 0
-1.72091 -0.958832 0
-1.77844 -1.09783 0
-1.76118 -1.23319 0
-1.75089 -1.36484 0
-1.80615 -1.58044 0
-1.77456 -1.73244 0
-1.79923 -1.95918 0
-1.61021 -2.60208 0
-1.35311 -3.90205 0
-0.00112128 -0.00993694 0
0.00107774 -0.00994175 0
1.13227 -3.31179 0
1.52954 -2.78799 0
1.45677 -2.30884 0
1.47047 -2.07107 0
1.41698 -1.77343 0
1.4675 -1.61209 0
1.47945 -1.47625 0
1.45966 -1.32298 0
1.51032 -1.21759 0
1.50683 -1.10741 0
1.50496 -1.00558 0
1.50563 -0.911412 0
1.55918 -0.837776 0
1.53439 -0.731869 0
1.55852 -0.653542 0
1.5411 -0.560913 0
1.55668 -0.483363 0
1.53935 -0.398104 0
1.57626 -0.327863 0
1.56055 -0.247166 0
1.56067 -0.170921 0
1.58703 -0.0970672 0
1.56997 -0.0102756 0
1.57885 0.0602945 0
1.5841 0.136836 0
1.58562 0.214018 0
1.57353 0.289847 0
1.57728 0.369571 0
1.5962 0.455803 0
1.61038 0.544677 0
1.61032 0.632277 0
1.59637 0.717003 0
1.61629 0.814678 0
1.57826 0.886113 0
1.62715 1.01921 0
1.55996 1.08468 0
1.60917 1.23753 0
1.59545 1.38081 0
1.63254 1.56282 0
1.57226 1.67869 0
1.59389 1.88691 0
1.63819 2.18385 0
1.27235 2.31316 0
1.10739 2.34132 0
0.713836 3.17064 0
-0.056745 26.0099 0
-0.00221753 0.00975103 0
-1.74384 3.66642 0
-1.7252 2.42983 0
-1.64679 2.08894 0
-1.69212 1.92102 0
-1.69479 1.71341 0
-1.72566 1.59518 0
-1.7236 1.44627 0
-1.76418 1.31441 0
-1.77103 1.18336 0
-1.77434 1.06613 0
-1.77098 0.929313 0
-1.75644 0.823713 0
-1.79394 0.738494 0
-1.83457 0.660955 0
-1.82593 0.560438 0
-1.80075 0.465707 0
-1.71674 0.339551 0
-1.69066 0.256443 0
-1.74021 0.184838 0
-1.7477 0.0896968 0
-1.72996 0.0113227 0
-1.73809 -0.0815709 0
-1.6927 -0.157385 0
-1.7228 -0.244026 0
-1.70911 -0.326401 0
-1.73037 -0.417405 0
-1.73714 -0.508371 0
-1.71075 -0.59113 0
-1.71755 -0.68739 0
-1.72893 -0.787917 0
-1.69802 -0.874539 0
-1.73584 -1.18189 0
-1.74035 -1.32939 0
-1.74893 -1.49373 0
-1.75534 -1.68038 0
-1.75 -1.86845 0
-1.79848 -2.17206 0
-1.58329 -3.13262 0
-0.00244038 -0.00969766 0
-0.000229142 -0.00999737 0
0.00196152 -0.00980574 0
1.35664 -3.21553 0
1.53615 -2.50676 0
1.42051 -2.05722 0
1.45089 -1.88661 0
1.50801 -1.72337 0
1.48794 -1.52411 0
1.50536 -1.39154 0
1.47081 -1.23415 0
1.52036 -1.15611 0
1.50815 -1.03652 0
1.50512 -0.931399 0
1.53058 -0.848417 0
1.56953 -0.774005 0
1.5293 -0.670933 0
1.55973 -0.596787 0
1.52956 -0.502539 0
1.55191 -0.428575 0
1.58044 -0.35582 0
1.56614 -0.274406 0
1.56758 -0.197698 0
1.5952 -0.123808 0
1.56959 -0.0359752 0
1.57962 0.0344675 0
1.60644 0.107037 0
1.55971 0.179417 0
1.57719 0.269225 0
1.59289 0.34585 0
1.57446 0.421875 0
1.60002 0.512172 0
1.61108 0.602357 0
1.58032 0.678959 0
1.60884 0.784684 0
1.60441 0.880209 0
1.58591 0.971847 0
1.57879 1.07496 0
1.59727 1.20363 0
1.57844 1.33919 0
1.59023 1.50575 0
1.62322 1.69931 0
1.6319 1.89391 0
1.58728 2.05926 0
1.49065 2.21514 0
1.31989 2.26325 0
1.11868 2.21336 0
1.01318 2.41617 0
0.699669 3.91802 0
-0.000447004 0.00999 0
-0.0026197 0.00965076 0
-1.68317 3.21618 0
-1.74072 2.2944 0
-1.67548 2.00122 0
-1.72577 1.82259 0
-1.70463 1.61763 0
-1.73695 1.47696 0
-1.78766 1.19448 0
-1.79148 1.07643 0
-1.7794 0.956106 0
-1.80517 0.861022 0
-1.80751 0.757953 0
-1.84897 0.67985 0
-1.81081 0.575293 0
-1.85566 0.492885 0
-1.72193 0.364061 0
-1.72755 0.27943 0
-1.72903 0.195103 0
-1.75636 0.113209 0
-1.70967 0.0335736 0
-1.75929 -0.0499097 0
-1.72496 -0.131971 0
-1.73649 -0.21706 0
-1.72207 -0.311401 0
-1.73172 -0.411756 0
-1.74043 -0.49699 0
-1.72213 -0.588778 0
-1.74063 -0.683444 0
-1.76057 -0.790752 0
-1.75627 -0.892431 0
-1.72878 -1.00565 0
-1.74936 -1.12523 0
-1.75835 -1.27166 0
-1.77189 -1.43485 0
-1.76584 -1.5657 0
-1.73054 -1.73429 0
-1.7207 -1.94915 0
-1.55189 -2.82136 0
-1.31755 -4.59483 0
-0.000577905 -0.00998329 0
0.00161811 -0.00986822 0
1.24003 -3.25157 0
1.56754 -2.67448 0
1.5311 -1.95093 0
1.50142 -1.71585 0
1.49689 -1.54332 0
1.46703 -1.37402 0
1.52364 -1.29558 0
1.489 -1.14772 0
1.50133 -1.04637 0
1.5244 -0.957183 0
1.53652 -0.858311 0
1.53761 -0.770817 0
1.50881 -0.667825 0
1.5671 -0.605478 0
1.5374 -0.510681 0
1.5505 -0.433637 0
1.55977 -0.35652 0
1.55539 -0.277758 0
1.56693 -0.202813 0
1.58482 -0.128208 0
1.57915 -0.0516962 0
1.55973 0.0289136 0
1.59646 0.106373 0
1.57023 0.175436 0
1.57806 0.264076 0
1.57445 0.336442 0
1.5855 0.419263 0
1.5731 0.497867 0
1.58491 0.586653 0
1.58254 0.67377 0
1.5934 0.770693 0
1.60729 0.87494 0
1.59763 0.971835 0
1.58231 1.06977 0
1.60922 1.20437 0
1.62667 1.34389 0
1.60469 1.46077 0
1.62458 1.6281 0
1.58675 1.77387 0
1.5877 1.98263 0
1.59869 2.2621 0
1.19254 2.32163 0
1.03209 2.3318 0
0.00194029 0.00980996 0
-0.000250778 0.00999686 0
-0.00242972 0.00970033 0
-1.73738 3.4469 0
-1.71814 2.31136 0
-1.72009 2.06818 0
-1.74722 1.85735 0
-1.75716 1.67848 0
-1.74925 1.52398 0
-1.75384 1.36105 0
-1.73945 1.22932 0
-1.76153 1.10608 0
-1.79182 1.01636 0
-1.76684 0.871309 0
-1.78571 0.783424 0
-1.78611 0.676696 0
-1.84505 0.599493 0
-1.80415 0.491868 0
-1.67302 0.353719 0
-1.72663 0.285067 0
-1.70785 0.204042 0
-1.71568 0.121868 0
-1.7594 0.0460714 0
-1.7293 -0.049059 0
-1.74533 -0.127771 0
-1.68756 -0.205322 0
-1.74476 -0.29783 0
-1.69917 -0.374737 0
-1.67923 -0.455828 0
-1.75632 -0.581254 0
-1.72857 -0.659211 0
-1.7774 -0.777453 0
-1.77389 -0.879604 0
-1.74071 -1.005 0
-1.73358 -1.13119 0
-1.74998 -1.28314 0
-1.76246 -1.44642 0
-1.72006 -1.5865 0
-1.73557 -1.78547 0
-1.7555 -2.06453 0
-1.49619 -2.85128 0
-1.29421 -4.80889 0
-0.536682 -13.6595 0
0.00181154 -0.00983455 0
1.24316 -3.19679 0
1.56623 -2.59381 0
1.46596 -2.12305 0
1.48788 -1.89586 0
1.49272 -1.68354 0
1.51195 -1.52856 0
1.5127 -1.39833 0
1.49379 -1.25344 0
1.49648 -1.13795 0
1.50815 -1.03652 0
1.52213 -0.941923 0
1.51309 -0.838721 0
1.54907 -0.770246 0
1.55453 -0.688062 0
1.57103 -0.595209 0
1.54234 -0.495576 0
1.56434 -0.421007 0
1.55231 -0.344139 0
1.55718 -0.267572 0
1.57815 -0.193772 0
1.5956 -0.118574 0
1.56946 -0.0410978 0
1.58962 0.0346857 0
1.60644 0.107037 0
1.60939 0.185131 0
1.62826 0.266987 0
1.62335 0.34689 0
1.62417 0.429489 0
1.6017 0.506919 0
1.62242 0.600538 0
1.63315 0.707978 0
1.62682 0.793452 0
1.63364 0.889284 0
1.60296 0.982297 0
1.58705 1.08059 0
1.62922 1.2277 0
1.65301 1.37479 0
1.60005 1.49531 0
1.59771 1.65448 0
1.63467 1.85169 0
1.64966 2.07391 0
1.60031 2.24869 0
1.19987 2.37401 0
1.02479 2.35684 0
0.745552 3.95026 0
-0.000348995 0.00999391 0
-0.0126246 0.04838 0
-1.77197 3.4405 0
-1.74436 2.37901 0
-1.6748 2.04075 0
-1.78265 1.92004 0
-1.75519 1.69497 0
-1.75257 1.52016 0
-1.79447 1.37386 0
-1.7841 1.21762 0
-1.79424 1.11031 0
-1.76673 0.979315 0
-1.79375 0.884577 0
-1.78571 0.783424 0
-1.83058 0.700421 0
-1.79557 0.589937 0
-1.84109 0.508433 0
-1.77556 0.399748 0
-1.72663 0.285067 0
-1.72966 0.189428 0
-1.7364 0.111923 0
-1.71977 0.0281572 0
-1.76871 -0.0675451 0
-1.73402 -0.144086 0
-1.69537 -0.2232 0
-1.72207 -0.311401 0
-1.71489 -0.395914 0
-1.76129 -0.496736 0
-1.76195 -0.59594 0
-1.77081 -0.688632 0
-1.74487 -0.776867 0
-1.73238 -0.873191 0
-1.72339 -0.995 0
-1.80058 -1.1749 0
-1.74998 -1.28314 0
-1.73927 -1.42738 0
-1.76521 -1.59639 0
-1.76827 -1.79545 0
-1.78017 -2.04331 0
-1.5522 -2.84399 0
-1.31438 -4.69966 0
-0.000512553 -0.00998686 0
0.00168266 -0.00985742 0
1.30755 -3.24658 0
1.54229 -2.5732 0
1.48161 -2.16084 0
1.59439 -1.73997 0
1.49389 -1.46164 0
1.51301 -1.3534 0
1.56067 -1.26665 0
1.50683 -1.10741 0
1.5249 -1.01172 0
1.53733 -0.916906 0
1.5619 -0.832683 0
1.55726 -0.730303 0
1.57201 -0.647134 0
1.54473 -0.550815 0
1.55024 -0.470261 0
1.57102 -0.395342 0
1.58818 -0.319512 0
1.59179 -0.241446 0
1.59105 -0.168995 0
1.59733 -0.0924649 0
1.59992 -0.0157217 0
1.60883 0.0614393 0
1.59406 0.137697 0
1.59409 0.225794 0
1.61021 0.311156 0
1.59343 0.388053 0
1.60175 0.472545 0
1.62446 0.565282 0
1.60048 0.656794 0
1.63301 0.757152 0
1.5948 0.834629 0
1.61331 0.945579 0
1.59959 1.04375 0
1.6449 1.18962 0
1.60937 1.28589 0
1.60586 1.41451 0
1.59255 1.57524 0
1.61176 1.77827 0
1.56278 1.91275 0
1.58332 2.19937 0
1.23134 2.34655 0
0.733857 2.69176 0
0.234948 5.12462 0
-0.00177944 0.00984041 0
-1.76868 4.19217 0
-1.77284 2.60376 0
-1.69361 2.21716 0
-1.65622 1.97822 0
-1.73864 1.82415 0
-1.73547 1.65775 0
-1.76742 1.50287 0
-1.77508 1.34981 0
-1.77609 1.22927 0
-1.74673 1.07304 0
-1.78422 0.989012 0
-1.80271 0.889 0
-1.75823 0.771372 0
-1.78164 0.688371 0
-1.81262 0.602099 0
-1.84905 0.517133 0
-1.77424 0.405541 0
-1.73259 0.309401 0
-1.71569 0.222068 0
-1.72437 0.139497 0
-1.76885 0.0637171 0
-1.71988 -0.020623 0
-1.76682 -0.106113 0
-1.70998 -0.185371 0
-1.71888 -0.270306 0
-1.76386 -0.358862 0
-1.764 -0.447999 0
-1.7596 -0.537964 0
-1.74853 -0.634235 0
0.636171 -1.79033 0
0.60744 -1.48021 0
0.673979 -1.42904 0
0.751155 -1.41272 0
0.827051 -1.36967 0
0.881902 -1.32301 0
0.952714 -1.27296 0
1.56 0.00340339 0
1.59824 0.0750077 0
1.58183 0.161011 0
1.62009 0.254771 0
1.56788 0.318989 0
1.58954 0.403691 0
1.55878 0.476566 0
1.60941 0.577838 0
1.59831 0.662042 0
1.61897 0.763558 0
1.60091 0.844495 0
1.61331 0.945579 0
1.56771 1.03764 0
1.60868 1.17143 0
1.60517 1.29114 0
1.56382 1.38657 0
1.60282 1.56479 0
1.57037 1.72129 0
1.55013 1.89726 0
1.58332 2.19937 0
1.23599 2.35541 0
1.04733 2.32499 0
0.735147 3.53435 0
-0.00015271 0.00999883 0
-0.00234497 0.00972117 0
-1.74472 3.5772 0
-1.73655 2.38472 0
-1.71864 2.10824 0
-1.76407 1.95063 0
-1.70444 1.68964 0
-1.73381 1.57146 0
-1.76087 1.44835 0
-1.75663 1.29099 0
-1.73777 1.16114 0
-1.77938 1.07712 0
-1.79133 0.954998 0
-1.7618 0.8122 0
-1.78708 0.728858 0
-1.83673 0.654932 0
-1.81819 0.551541 0
-1.81346 0.456351 0
-1.6568 0.333318 0
-1.72032 0.260942 0
-1.71097 0.176057 0
-1.73771 0.0891842 0
-1.75996 0.0115191 0
-1.75849 -0.0729339 0
-1.70316 -0.152752 0
-1.72359 -0.238401 0
-1.72982 -0.324509 0
-1.74145 -0.414069 0
-1.69076 -0.488812 0
-1.74856 -0.604194 0
-1.76398 -0.705968 0
-1.71073 -0.779623 0
-1.73656 -0.908818 0
-1.74632 -1.05449 0
-1.76064 -1.19877 0
-1.72877 -1.31159 0
-1.73373 -1.48074 0
-1.72281 -1.64205 0
-1.6492 -2.12514 0
-1.47334 -3.14168 0
-0.0021644 -0.00976296 0
2.18166e-05 -0.00999998 0
0.00221753 -0.00975103 0
1.42581 -3.1745 0
1.56342 -2.4306 0
1.56653 -1.77845 0
1.49493 -1.53127 0
1.50811 -1.40329 0
1.51602 -1.2891 0
1.53263 -1.18939 0
1.52119 -1.05285 0
1.51593 -0.951865 0
1.53087 -0.868349 0
1.544 -0.780368 0
1.5614 -0.697237 0
1.54647 -0.603348 0
1.53572 -0.515722 0
1.58756 -0.449623 0
1.54885 -0.359375 0
1.58399 -0.288231 0
1.55634 -0.206638 0
1.56446 -0.131729 0
1.56898 -0.0565174 0
1.57989 0.0189444 0
1.58714 0.0953221 0
1.57958 0.181702 0
1.56 0.25057 0
1.57334 0.341606 0
1.56617 0.41415 0
1.56517 0.489744 0
1.59234 0.595353 0
1.60562 0.696046 0
1.60884 0.784684 0
1.58114 0.880957 0
1.6423 1.01379 0
1.55996 1.08468 0
1.59731 1.22013 0
1.61206 1.37683 0
1.59975 1.52476 0
1.57776 1.67352 0
1.57453 1.86399 0
1.60316 2.12261 0
1.28959 2.32649 0
1.09102 2.24937 0
0.966776 2.37043 0
0.644592 3.82608 0
-0.000501572 0.00998741 0
-0.00268281 0.00963341 0
-1.79021 3.34055 0
-1.75706 2.26928 0
-1.74073 2.01133 0
-1.79841 1.6193 0
-1.75315 1.442 0
-1.75278 1.27932 0
-1.80766 1.18236 0
-1.79678 1.04785 0
-1.80063 0.93735 0
-1.78904 0.82476 0
-1.77782 0.725082 0
-1.83885 0.648934 0
-1.81998 0.545604 0
-1.84406 0.457656 0
-1.69712 0.33567 0
-1.71127 0.253859 0
-1.76222 0.165803 0
-1.75769 0.0902093 0
-1.71999 0.00564369 0
-1.7485 -0.0725195 0
-1.73354 -0.149745 0
-1.70454 -0.230069 0
-1.72105 -0.31702 0
-1.71359 -0.401509 0
-1.70197 -0.486007 0
-1.75998 -0.601719 0
-1.73838 -0.689151 0
-1.77178 -0.814439 0
-1.76025 -0.90659 0
-1.73262 -1.03847 0
-1.76456 -1.19299 0
-1.76563 -1.31247 0
-1.75586 -1.47005 0
-1.73683 -1.61255 0
-1.714 -1.80618 0
-1.76124 -2.09896 0
-1.51695 -2.95318 0
-0.0025038 -0.00968148 0
-0.000327191 -0.00999465 0
0.00187587 -0.00982248 0
1.33939 -3.23358 0
1.57364 -2.53062 0
1.48342 -2.03712 0
1.44063 -1.7672 0
1.48236 -1.63912 0
1.5099 -1.51651 0
1.52182 -1.3884 0
1.51736 -1.25639 0
1.5039 -1.12813 0
1.53974 -1.04346 0
1.56862 -0.94252 0
1.54763 -0.838125 0
1.55001 -0.745569 0
1.53795 -0.650857 0
1.53739 -0.570987 0
1.54396 -0.490513 0
1.55605 -0.413305 0
1.56431 -0.336072 0
1.5589 -0.257375 0
1.57938 -0.183439 0
1.59634 -0.108128 0
1.5697 -0.0308249 0
1.5992 0.0505922 0
1.57457 0.130837 0
1.58491 0.21922 0
1.60205 0.30054 0
1.59552 0.37937 0
1.55627 0.449929 0
1.55181 0.530548 0
1.62329 0.653777 0
1.59914 0.735083 0
1.63303 0.847822 0
1.60215 0.925 0
1.59797 1.02785 0
1.59629 1.15446 0
1.59315 1.29011 0
1.56382 1.38657 0
1.57833 1.56118 0
1.55015 1.69912 0
1.5944 1.92559 0
1.59413 2.15434 0
1.23749 2.37719 0
1.03912 2.30676 0
0.721603 3.52694 0
-0.000185343 0.00999828 0
-0.00236618 0.00971603 0
-1.80807 3.64634 0
-1.75619 2.39514 0
-1.70652 2.0794 0
-1.75653 1.91692 0
-1.72013 1.71641 0
-1.71158 1.55132 0
-1.77632 1.46106 0
-1.75278 1.27932 0
-1.75822 1.16652 0
-1.77267 1.0494 0
-1.80898 0.964406 0
-1.77809 0.848107 0
-1.77063 0.742485 0
-1.81143 0.666046 0
-1.82222 0.572377 0
-1.84758 0.484291 0
-1.71563 0.345152 0
-1.72934 0.268118 0
-1.76942 0.193783 0
-1.78629 0.115139 0
-1.75976 0.028812 0
-1.75929 -0.0499097 0
-1.72496 -0.131971 0
-1.68687 -0.210859 0
-1.70437 -0.296694 0
-1.7272 -0.386867 0
-1.73558 -0.477244 0
-1.72019 -0.563075 0
-1.74943 -0.660601 0
-1.7616 -0.763662 0
-1.70498 -0.838474 0
-1.7146 -0.970074 0
-1.76866 -1.13219 0
-1.75439 -1.26005 0
-1.72984 -1.39142 0
-1.77787 -1.59727 0
-1.72617 -1.7527 0
-1.78674 -2.05085 0
-1.52779 -2.77755 0
-0.00275637 -0.00961262 0
-3.32758 -57.4838 0
0.00161811 -0.00986822 0
1.25041 -3.21543 0
1.55589 -2.57669 0
1.44638 -2.05136 0
1.5241 -1.64156 0
1.48184 -1.431 0
1.48435 -1.31038 0
1.49087 -1.1939 0
1.51405 -1.09752 0
1.51475 -0.990772 0
1.51743 -0.891626 0
1.53713 -0.793813 0
1.54616 -0.706679 0
1.5312 -0.614762 0
1.55893 -0.54059 0
1.55429 -0.456715 0
1.56469 -0.379262 0
1.58109 -0.303754 0
1.58394 -0.226133 0
1.58395 -0.138578 0
1.57898 -0.0568774 0
1.56982 0.0239755 0
1.58648 0.105708 0
1.58952 0.182845 0
1.56988 0.252156 0
1.59621 0.330181 0
1.55916 0.401398 0
1.56834 0.47949 0
1.56418 0.555812 0
1.56347 0.641608 0
1.58524 0.741298 0
1.60976 0.849161 0
1.56716 0.925416 0
1.54603 1.01602 0
1.56826 1.142 0
1.59737 1.28487 0
1.58627 1.40647 0
1.56202 1.53499 0
1.58385 1.73606 0
1.57544 1.92824 0
1.60485 2.1837 0
1.23726 2.32079 0
1.03092 2.25557 0
0.726756 3.38281 0
-0.000119901 0.00999928 0
-0.00231323 0.00972877 0
-1.76225 3.61315 0
-1.71704 2.37417 0
-1.68658 2.08275 0
-1.75098 1.94897 0
-1.72721 1.72347 0
-1.72867 1.57711 0
-1.75013 1.42991 0
-1.73211 1.29051 0
-1.73395 1.16684 0
-1.79649 1.08748 0
-1.82663 0.973815 0
-1.77181 0.838023 0
-1.79151 0.744376 0
-1.79377 0.626412 0
-1.81998 0.545604 0
-1.84653 0.447576 0
-1.73053 0.320735 0
-1.72333 0.240297 0
-1.73386 0.145993 0
-1.74865 0.0687047 0
-1.71997 -0.00936609 0
-1.72722 -0.0980785 0
-1.69069 -0.177698 0
-1.71975 -0.264695 0
-1.71487 -0.348894 0
-1.72523 -0.438153 0
-1.72135 -0.526269 0
-1.76733 -0.641055 0
-1.72531 -0.721253 0
-1.75193 -0.833266 0
-1.70112 -0.911637 0
-1.71203 -1.19877 0
-1.7464 -1.37058 0
-1.77605 -1.5541 0
-1.71731 -1.67656 0
3.06628 -1.53715 0
1.46309 -0.647588 0
1.48315 -0.573042 0
1.56587 -0.520138 0
1.5505 -0.433637 0
1.63041 -0.361454 0
1.70404 -0.298568 0
1.73959 0.0379579 0
1.77566 0.124167 0
1.78752 0.211567 0
1.85108 0.328462 0
1.90285 0.42621 0
1.98628 0.546179 0
1.97251 0.659994 0
2.07169 0.797819 0
2.12251 0.93667 0
2.16636 1.10082 0
2.26899 1.31 0
2.11489 1.67847 0
1.71969 2.13314 0
0.00442289 0.00896873 0
0.00235566 0.00971858 0
0.0871736 4.43914 0
-0.591956 3.06333 0
-0.684306 2.69446 0
-0.788962 2.55077 0
-1.02216 2.20456 0
-1.0704 2.01312 0
-1.12587 1.87844 0
-1.17587 1.76401 0
-1.24133 1.68143 0
-1.27003 1.55793 0
-1.32326 1.47288 0
-1.39481 1.41937 0
-1.4099 1.3033 0
-1.45548 1.2213 0
-1.5124 1.15006 0
-1.46523 0.99297 0
-1.49111 0.916013 0
-1.55087 0.853056 0
-1.61696 0.790846 0
-1.61142 0.732264 0
-1.63328 0.655746 0
-1.67607 0.568948 0
-1.67101 0.485095 0
-1.71181 0.409012 0
-1.73929 0.328266 0
-1.83227 0.255488 0
-1.82694 0.105757 0
-1.84991 0.0181782 0
-1.87863 -0.0717428 0
-1.92284 -0.166096 0
-1.90043 -0.273416 0
-2.07035 -0.407125 0
-2.12262 -0.539076 0
-2.20233 -0.697014 0
-2.23736 -0.811548 0
-2.26622 -0.982419 0
-2.42489 -1.23219 0
-2.58185 -2.11887 0
-3.25685 -4.16858 0
-14.7632 -31.4802 0
-0.0021644 -0.00976296 0
-0.0921429 -3.51879 0
0.419331 -2.96045 0
0.516363 -2.538 0
0.603455 -2.31256 0
0.684401 -2.09084 0
0.779242 -2.00382 0
0.831698 -1.88464 0
0.867502 -1.73523 0
0.925278 -1.64802 0
0.982048 -1.56783 0
1.01047 -1.45322 0
1.07444 -1.40658 0
1.10202 -1.30753 0
1.14988 -1.2385 0
1.17224 -1.14694 0
1.21844 -1.08273 0
1.2612 -1.01675 0
1.3166 -0.960965 0
1.31944 -0.869184 0
1.35962 -0.804879 0
1.40551 -0.743395 0
1.44861 -0.679351 0
1.47029 -0.60526 0
1.57826 0.0740701 0
1.56244 0.153887 0
1.60272 0.235955 0
1.58956 0.312579 0
1.59923 0.406153 0
1.57948 0.477233 0
1.59245 0.565857 0
1.60261 0.651567 0
1.60823 0.73926 0
1.58323 0.835164 0
1.61331 0.945579 0
1.59959 1.04375 0
1.59629 1.15446 0
1.63281 1.30462 0
1.61336 1.42112 0
1.61908 1.59106 0
1.60407 1.75822 0
1.62605 1.99019 0
1.62421 2.25618 0
1.18669 2.27962 0
1.02751 2.30101 0
0.772235 3.90436 0
-0.000250778 0.00999686 0
-13.983 55.8254 0
-1.72388 3.42011 0
-1.69757 2.36355 0
-1.6672 2.07269 0
-1.74302 1.90218 0
-1.66008 1.63494 0
-1.69934 1.52008 0
-1.76869 1.40688 0
-1.78429 1.26981 0
-1.75653 1.13257 0
-1.80019 1.04198 0
-1.76814 0.913114 0
-1.79172 0.818916 0
-1.79104 0.719085 0
-1.80458 0.625774 0
-1.80374 0.530015 0
-1.73963 0.421663 0
-1.69893 0.326394 0
-1.70273 0.243093 0
-1.74231 0.163929 0
-1.70821 0.0783161 0
-1.75 -0.0038179 0
-1.72782 -0.0867719 0
-1.72167 -0.16957 0
-1.75112 -0.257803 0
-1.74655 -0.343451 0
-1.72806 -0.426852 0
-1.73434 -0.517853 0
-1.72636 -0.607102 0
-1.76936 -0.71936 0
-1.71466 -0.79501 0
-1.74542 -0.913455 0
-1.74022 -1.1932 0
-1.76419 -1.3476 0
-1.78955 -1.53855 0
-1.73367 -1.65963 0
-1.75131 -1.89455 0
-1.60692 -2.67436 0
-1.4816 -4.46036 0
-0.000991113 -0.00995076 0
0.00120778 -0.0099268 0
1.16855 -3.28856 0
1.53316 -2.75171 0
1.41408 -2.24118 0
1.44089 -2.00617 0
1.45326 -1.7827 0
1.47124 -1.5951 0
1.48431 -1.44282 0
1.48754 -1.32186 0
1.4675 -1.19103 0
1.53834 -1.11513 0
1.48646 -0.979207 0
1.50591 -0.89148 0
1.50275 -0.794825 0
1.56631 -0.734549 0
1.54427 -0.635714 0
1.53531 -0.547456 0
1.5311 -0.464455 0
1.57102 -0.395342 0
1.55877 -0.313595 0
1.57202 -0.238447 0
1.5717 -0.161726 0
1.56819 -0.0753257 0
1.57998 0.00860373 0
1.6077 0.0860006 0
1.62162 0.165061 0
1.58217 0.238207 0
1.57872 0.315804 0
1.61727 0.416357 0
1.58747 0.485337 0
1.59059 0.571079 0
1.60755 0.665869 0
1.59184 0.750761 0
1.62462 0.863828 0
1.61883 0.955924 0
1.59617 1.04897 0
1.62484 1.18321 0
1.63633 1.31621 0
1.63116 1.44628 0
1.60863 1.60163 0
1.65275 1.83557 0
1.62554 2.01636 0
1.58291 2.22425 0
1.19301 2.31013 0
0.986107 2.37329 0
0.00172582 0.00984995 0
-0.000447004 0.00999 0
-0.0026197 0.00965076 0
-1.71232 3.24605 0
-1.68085 2.27676 0
-1.70056 2.0584 0
-1.76972 1.63591 0
-1.74073 1.44134 0
-1.76045 1.30266 0
-1.74988 1.16099 0
-1.76063 1.05009 0
-1.79133 0.954998 0
-1.76004 0.839497 0
-1.81674 0.761821 0
-1.78542 0.649838 0
-1.81454 0.563429 0
-1.82012 0.470714 0
-1.67417 0.348227 0
-1.71858 0.272196 0
-1.7396 0.190517 0
-1.75706 0.101711 0
-1.74985 0.0229068 0
-1.72913 -0.0547028 0
-1.71455 -0.136805 0
-1.69609 -0.217636 0
-1.76247 -0.312738 0
-1.69668 -0.38585 0
-1.75328 -0.488271 0
-1.73733 -0.57497 0
-1.74507 -0.672037 0
-1.74992 -0.76543 0
-1.78285 -0.884046 0
-1.73749 -0.990523 0
-1.79141 -1.15228 0
-1.77455 -1.28338 0
-1.76101 -1.41649 0
-1.75037 -1.58297 0
-1.7882 -1.80387 0
-1.83957 -2.09763 0
-1.79772 -2.36413 0
-1.53486 -3.37762 0
-0.00203642 -0.00979045 0
0.00015271 -0.00999883 0
0.855916 -3.54823 0
1.45962 -3.14808 0
1.50609 -2.32477 0
1.49206 -1.724 0
1.471 -1.52662 0
1.47433 -1.38086 0
1.42461 -1.21136 0
1.50484 -1.15993 0
1.51774 -1.05781 0
1.499 -0.94123 0
1.51906 -0.848558 0
1.51325 -0.752437 0
1.51098 -0.662897 0
1.52615 -0.572516 0
1.52489 -0.484457 0
1.55605 -0.413305 0
1.58605 -0.3299 0
1.57947 -0.255479 0
1.56122 -0.165826 0
1.56707 -0.0958462 0
1.55987 -0.0204198 0
1.58903 0.0554902 0
1.58454 0.131665 0
1.55657 0.204926 0
1.57447 0.28471 0
1.61745 0.373419 0
1.58805 0.447877 0
1.59318 0.533072 0
1.65897 0.64514 0
1.61698 0.719924 0
1.61093 0.825239 0
1.60718 0.916234 0
1.58956 1.02244 0
1.63255 1.17255 0
1.61358 1.28061 0
1.60296 1.40264 0
1.60074 1.55258 0
1.64852 1.77166 0
1.63904 1.9795 0
1.62126 2.22126 0
1.24667 2.33844 0
1.02676 2.24648 0
0.831779 3.87166 0
-8.72654e-05 0.00999962 0
-0.0022813 0.00973631 0
-1.69378 3.50189 0
-1.70783 2.40537 0
-1.67225 2.10706 0
-1.73093 1.92665 0
-1.69889 1.69522 0
-1.70651 1.55689 0
-1.72373 1.39899 0
-1.72829 1.27887 0
-1.7544 1.17225 0
-1.77434 1.06613 0
-1.76178 0.946639 0
-1.76277 0.833748 0
-1.79151 0.744376 0
-1.80634 0.650787 0
-1.80681 0.55457 0
-1.80226 0.459827 0
-1.71448 0.350779 0
-1.69969 0.263521 0
-1.71038 0.18167 0
-1.76704 0.102289 0
-1.76985 0.0231686 0
-1.75893 -0.0614231 0
-1.69416 -0.140774 0
-1.69537 -0.2232 0
-1.70239 -0.307842 0
-1.75387 -0.404912 0
-1.74204 -0.491307 0
-1.72406 -0.583124 0
-1.74994 -0.687099 0
-1.74233 -0.782558 0
-1.78301 -0.906021 0
-1.75237 -1.19315 0
-1.7925 -1.35994 0
-1.77397 -1.49514 0
-1.76266 -1.65814 0
-1.81786 -1.92819 0
-1.84402 -2.21224 0
-1.59462 -3.1044 0
-0.00247219 -0.0096896 0
-0.000294569 -0.00999566 0
0.0018973 -0.00981836 0
1.28617 -3.24436 0
1.47456 -2.49713 0
1.41437 -2.1218 0
1.44405 -1.92946 0
1.39398 -1.67608 0
1.45606 -1.56828 0
1.43921 -1.41742 0
1.44593 -1.2934 0
1.43644 -1.16582 0
1.52295 -1.11925 0
1.4749 -0.978551 0
1.52015 -0.906661 0
1.51778 -0.80916 0
1.53678 -0.726857 0
1.56774 -0.657409 0
1.5317 -0.557493 0
1.53758 -0.477432 0
1.56132 -0.392901 0
1.59798 -0.321484 0
1.58191 -0.239947 0
1.58268 -0.152395 0
1.60831 -0.0737362 0
1.57994 0.0137879 0
1.58773 0.0849323 0
1.62215 0.159768 0
1.61103 0.247961 0
1.58853 0.317765 0
1.58954 0.403691 0
1.61616 0.494108 0
1.58682 0.581477 0
1.62854 0.693357 0
1.64099 0.787112 0
1.64533 0.888699 0
1.6008 0.966616 0
1.65221 1.10919 0
1.66129 1.23491 0
1.63105 1.33857 0
1.6317 1.47565 0
1.60688 1.63158 0
1.62805 1.84419 0
1.61809 2.0479 0
1.35246 2.34839 0
1.1713 2.2988 0
0.833765 3.22393 0
0.000327191 0.00999465 0
-0.00187587 0.00982248 0
-1.65398 3.84974 0
-1.66907 2.46873 0
-1.63193 2.151 0
-1.68172 2.02205 0
-1.80276 1.68847 0
-1.70527 1.42143 0
-1.76788 1.32616 0
-1.73841 1.1781 0
-1.77586 1.08293 0
-1.78188 0.972522 0
-1.81135 0.871275 0
-1.80251 0.769767 0
-1.83512 0.688425 0
-1.85456 0.602583 0
-1.85072 0.511095 0
-1.70118 0.365479 0
-1.68624 0.284086 0
-1.71778 0.205229 0
-1.7456 0.123993 0
-1.73954 0.0398707 0
-1.77944 -0.0446384 0
-1.73536 -0.127041 0
-1.71593 -0.220181 0
-1.70138 -0.313397 0
-1.72464 -0.398163 0
-1.75005 -0.499736 0
-1.74856 -0.604194 0
-1.77557 -0.703893 0
-1.75797 -0.796525 0
-1.76223 -0.902748 0
-1.80311 -1.05682 0
-1.76784 -1.17011 0
-1.77844 -1.29505 0
-1.76246 -1.44642 0
-1.77887 -1.64074 0
-1.80692 -1.88338 0
-1.84402 -2.21224 0
-1.57989 -3.1007 0
-0.0025038 -0.00968148 0
-0.464284 -14.1824 0
0.00187587 -0.00982248 0
1.3069 -3.21448 0
1.51971 -2.51676 0
1.40138 -2.05821 0
1.46294 -1.91518 0
1.46858 -1.73095 0
1.48512 -1.56844 0
1.47465 -1.42405 0
1.43601 -1.25935 0
1.45565 -1.15788 0
1.50141 -1.08086 0
1.50961 -0.98035 0
1.52035 -0.886642 0
1.5434 -0.803443 0
1.52336 -0.708351 0
1.51856 -0.619341 0
1.54652 -0.54577 0
1.53261 -0.459456 0
1.55289 -0.385395 0
1.56959 -0.310446 0
1.5629 -0.231848 0
1.55232 -0.154614 0
1.55836 -0.0714462 0
1.55836 -0.0714462 0
1.58841 0.0710737 0
1.60225 0.157808 0
1.58369 0.227847 0
1.60814 0.321688 0
1.59085 0.398474 0
1.61616 0.494108 0
1.59059 0.571079 0
1.60973 0.660591 0
1.63053 0.762478 0
1.6391 0.857813 0
1.60469 0.940523 0
1.59121 1.03829 0
1.62059 1.17204 0
1.63281 1.30462 0
1.6291 1.46361 0
1.65284 1.65642 0
1.64675 1.84095 0
1.6632 2.06307 0
1.56983 2.22127 0
1.16056 2.25936 0
0.892515 3.40497 0
0.000327191 0.00999465 0
-0.00187587 0.00982248 0
-1.69973 3.85162 0
-1.7053 2.50457 0
-1.65112 2.16153 0
-1.69506 1.98466 0
-1.78978 1.64365 0
-1.71453 1.41024 0
-1.74857 1.28507 0
-1.72946 1.15559 0
-1.73148 1.04038 0
-1.77059 0.951373 0
-1.77809 0.848107 0
-1.82596 0.765688 0
-1.80421 0.656679 0
-1.8413 0.57837 0
-1.79922 0.471613 0
-1.70469 0.348775 0
-1.67907 0.265939 0
-1.72091 0.17708 0
-1.76704 0.102289 0
-1.73992 0.0170973 0
-1.77892 -0.0621211 0
-1.75442 -0.139987 0
-1.68618 -0.216363 0
-1.72105 -0.31702 0
-1.74412 -0.402662 0
-1.73242 -0.488593 0
-1.73733 -0.57497 0
-1.72202 -0.676134 0
-1.77228 -0.789069 0
-1.79489 -0.904698 0
-1.80133 -1.04 0
-1.79604 -1.16355 0
-1.78687 -1.28339 0
-1.74081 -1.40968 0
-1.74296 -1.57626 0
-1.77635 -1.81554 0
-1.78881 -2.06229 0
-1.57562 -2.97898 0
-0.00263031 -0.00964787 0
-0.620117 -13.5258 0
0.00174714 -0.00984619 0
1.29014 -3.28579 0
1.48663 -2.53644 0
1.42133 -2.11715 0
1.43232 -1.90075 0
1.46292 -1.73573 0
1.43057 -1.55099 0
1.49621 -1.47356 0
1.49065 -1.3334 0
1.50632 -1.22254 0
1.51489 -1.11333 0
1.51327 -1.01114 0
1.52576 -0.916768 0
1.52394 -0.818843 0
1.56147 -0.744784 0
1.54008 -0.645807 0
1.5223 -0.554073 0
1.53261 -0.459456 0
1.57441 -0.381617 0
1.5706 -0.305294 0
1.54505 -0.215438 0
1.57305 -0.148005 0
1.56879 -0.0616379 0
1.53998 0.00838592 0
1.57716 0.0947226 0
1.56965 0.18056 0
1.57719 0.269225 0
1.5538 0.337362 0
1.58412 0.424463 0
1.61907 0.518269 0
1.57907 0.602198 0
1.58501 0.693295 0
1.61525 0.794344 0
1.63653 0.904795 0
1.60826 0.992777 0
1.61651 1.10838 0
1.59333 1.20884 0
1.60251 1.34166 0
1.60245 1.47802 0
1.6255 1.68326 0
1.64466 1.8961 0
1.61855 2.08564 0
1.3097 2.32671 0
1.08522 2.21883 0
0.840971 3.46953 0
0.000163705 0.00999866 0
-0.00202565 0.00979269 0
-1.71273 3.78008 0
-1.6762 2.42752 0
-1.69683 2.17678 0
-1.68184 1.94328 0
-1.71968 1.77302 0
-1.69535 1.59834 0
-1.69411 1.45013 0
-1.74324 1.32559 0
-1.71853 1.18943 0
-1.73967 1.08445 0
-1.77771 1.00067 0
-1.79686 0.90078 0
-1.75406 0.75589 0
-1.80481 0.683782 0
-1.82407 0.599301 0
-1.77361 0.4898 0
-1.71702 0.38657 0
-1.71389 0.300293 0
-1.7164 0.216467 0
-1.76469 0.136963 0
-1.7494 0.0458097 0
-1.7597 -0.0326204 0
-1.7465 -0.110645 0
-1.71801 -0.20334 0
-1.72694 -0.283168 0
-1.7407 -0.371967 0
-1.73052 -0.45761 0
-1.73517 -0.549163 0
-1.75879 -0.664134 0
-1.77077 -0.767639 0
-1.7319 -0.851713 0
-1.6822 -0.966332 0
-1.77086 -1.14724 0
-1.76645 -1.27752 0
-1.77189 -1.43485 0
-1.78957 -1.62907 0
-1.72195 -2.07963 0
-1.55956 -3.11098 0
-0.00240872 -0.00970557 0
-0.000261769 -0.00999657 0
0.0019295 -0.00981209 0
1.3538 -3.23842 0
1.53381 -2.48472 0
1.45214 -2.05953 0
1.43232 -1.82506 0
1.5198 -1.50659 0
1.48189 -1.34313 0
1.45197 -1.17843 0
1.50321 -1.11232 0
1.51825 -1.02168 0
1.52015 -0.906661 0
1.53543 -0.818569 0
1.50062 -0.709755 0
1.52371 -0.633103 0
1.54292 -0.55588 0
1.53913 -0.472411 0
1.55415 -0.380297 0
1.55978 -0.308506 0
1.57279 -0.233315 0
1.58349 -0.143774 0
1.56898 -0.0565174 0
1.56989 0.0188245 0
1.60678 0.101794 0
1.59011 0.177656 0
1.55013 0.248985 0
1.59621 0.330181 0
1.57583 0.416707 0
1.57471 0.49273 0
1.57743 0.578037 0
1.59394 0.672489 0
1.62296 0.778463 0
1.61014 0.86969 0
1.58368 0.956278 0
1.6273 1.09247 0
1.58906 1.18122 0
1.63105 1.33857 0
1.64654 1.48907 0
1.62091 1.64583 0
1.61481 1.8292 0
1.59949 2.02436 0
1.5667 2.2479 0
1.13672 2.24906 0
0.979893 2.44064 0
0.692509 4.46664 0
-0.000664829 0.00997788 0
-0.00282961 0.00959131 0
-1.76243 3.13908 0
-1.74602 2.23987 0
-1.732 1.99243 0
-1.79623 1.60675 0
-1.77328 1.4011 0
-1.74761 1.23509 0
-1.75306 1.10076 0
-1.78312 1.01143 0
-1.77604 0.897649 0
-1.78967 0.799172 0
-1.7771 0.700017 0
-1.84109 0.611556 0
-1.84734 0.523197 0
-1.78531 0.401945 0
-1.69321 0.30237 0
-1.72561 0.223351 0
-1.73386 0.145993 0
-1.76905 0.0579128 0
-1.7497 -0.0324351 0
-1.75611 -0.11701 0
-1.70873 -0.196559 0
-1.73681 -0.284786 0
-1.73823 -0.383351 0
-1.74833 -0.468462 0
-1.76193 -0.563999 0
-1.71411 -0.64088 0
-1.73652 -0.746066 0
-1.80658 -0.881126 0
-1.65674 -0.930174 0
-1.79294 -1.13126 0
-1.76937 -1.23893 0
-1.7434 -1.37439 0
-1.7309 -1.51459 0
-1.72447 -1.68354 0
-1.77217 -1.92972 0
-1.60533 -2.65197 0
-1.42486 -4.28954 0
-0.000991113 -0.00995076 0
0.00124034 -0.00992278 0
1.2165 -3.38823 0
1.5487 -2.66232 0
1.40045 -2.13102 0
1.46203 -1.95348 0
1.4307 -1.6975 0
1.45762 -1.5394 0
1.46745 -1.4171 0
1.48864 -1.3055 0
1.49868 -1.20015 0
1.51405 -1.09752 0
1.49801 -0.979824 0
1.51743 -0.891626 0
1.54961 -0.813149 0
1.51199 -0.709073 0
1.49803 -0.61668 0
1.53531 -0.547456 0
1.5311 -0.464455 0
1.54193 -0.388021 0
1.53916 -0.30965 0
1.58191 -0.239947 0
1.5916 -0.163774 0
1.56738 -0.0907312 0
1.55992 -0.0153286 0
1.56886 0.0599129 0
1.57414 0.135975 0
1.58562 0.214018 0
1.57353 0.289847 0
1.58702 0.371852 0
1.58358 0.463432 0
1.59912 0.546723 0
1.58408 0.644035 0
1.59914 0.735083 0
1.58323 0.835164 0
1.6392 0.960749 0
1.6114 1.04394 0
1.60007 1.14921 0
1.60517 1.29114 0
1.62166 1.45692 0
1.64578 1.64934 0
1.60675 1.79623 0
1.60645 2.00604 0
1.53521 2.17227 0
1.39447 2.25343 0
1.24956 2.32555 0
1.05409 2.26691 0
0.76984 3.52696 0
-5.4454e-05 0.00999985 0
-0.00224951 0.0097437 0
-1.73732 3.59191 0
-1.67423 2.33106 0
-1.70481 2.11944 0
-1.81103 2.00254 0
-1.71452 1.72201 0
-1.72867 1.57711 0
-1.7082 1.38638 0
-1.74885 1.26772 0
-1.80695 1.16508 0
-1.79678 1.04785 0
-1.76515 0.91888 0
-1.78263 0.814759 0
-1.79104 0.719085 0
-1.82348 0.632326 0
-1.79415 0.527196 0
-1.83681 0.44522 0
-1.67929 0.322621 0
-1.72253 0.24592 0
-1.75226 0.164866 0
-1.75797 0.0844415 0
-1.76999 0.00580775 0
-1.73826 -0.0777788 0
-1.73253 -0.161088 0
-1.7228 -0.244026 0
-1.72876 -0.330153 0
-1.74145 -0.414069 0
-1.77722 -0.513808 0
-1.74856 -0.604194 0
-1.75469 -0.702253 0
-1.73803 -0.792064 0
-1.75136 -0.902012 0
-1.71984 -1.18754 0
-1.7158 -1.32851 0
-1.78433 -1.51386 0
-1.75177 -1.66964 0
-1.81201 -1.94736 0
-1.82315 -2.21654 0
-1.53267 -3.05734 0
-0.00240872 -0.00970557 0
-0.000229142 -0.00999737 0
8.33056 -41.645 0
1.32498 -3.2287 0
1.53831 -2.52888 0
1.44434 -2.07721 0
1.50657 -1.64413 0
1.45114 -1.448 0
1.47011 -1.34122 0
1.44037 -1.17683 0
1.49154 -1.11127 0
1.46847 -0.988183 0
1.50563 -0.911412 0
1.54763 -0.838125 0
1.541 -0.741234 0
1.56558 -0.662549 0
1.52048 -0.559065 0
1.52647 -0.479478 0
1.53672 -0.408171 0
1.54475 -0.331871 0
1.57863 -0.260633 0
1.56945 -0.182286 0
1.58637 -0.107452 0
1.5497 -0.0304322 0
1.54938 0.0439546 0
1.56543 0.119766 0
1.57836 0.192037 0
1.61662 0.275956 0
1.56245 0.344586 0
1.55377 0.421772 0
1.54126 0.498913 0
1.61237 0.627018 0
1.62848 0.718652 0
1.59471 0.790755 0
1.59861 0.890691 0
1.57952 0.982206 0
1.57172 1.08527 0
1.58936 1.21406 0
1.61966 1.38332 0
1.61466 1.50896 0
1.58868 1.66316 0
1.58669 1.85365 0
1.61702 2.11207 0
1.46832 2.18196 0
1.33182 2.23299 0
1.17093 2.23144 0
1.01037 2.24293 0
0.00200445 0.00979705 0
-0.00015271 0.00999883 0
-0.00234497 0.00972117 0
-1.66371 3.38304 0
-1.6859 2.3473 0
-1.7087 2.16747 0
-1.71828 1.93794 0
-1.68919 1.71893 0
-1.71831 1.58839 0
-1.75614 1.45409 0
-1.74814 1.30246 0
-1.79544 1.18275 0
-1.79498 1.07058 0
-1.78251 0.950293 0
-1.81701 0.859402 0
-1.82845 0.759724 0
-1.84398 0.664345 0
-1.83549 0.563372 0
-1.84102 0.469716 0
-1.74387 0.356793 0
-1.73922 0.26965 0
-1.77999 0.189063 0
-1.76704 0.102289 0
-1.74985 0.0229068 0
-1.74893 -0.0610741 0
-1.75396 -0.145742 0
-1.73503 -0.228421 0
-1.72207 -0.311401 0
-1.74412 -0.402662 0
-1.77092 -0.49945 0
-1.71458 -0.579921 0
-1.73133 -0.679789 0
-1.7332 -0.778461 0
-1.7741 -0.901491 0
-1.7441 -1.18752 0
-1.76498 -1.33001 0
-1.76353 -1.47647 0
-1.78813 -1.66018 0
-1.71969 -2.13314 0
-1.58339 -3.2108 0
-0.00232393 -0.00972622 0
-0.000163705 -0.00999866 0
0.769747 -3.72122 0
1.35929 -3.19268 0
1.48912 -2.43002 0
1.41483 -2.04899 0
1.46932 -1.89765 0
1.44874 -1.65564 0
1.46699 -1.50265 0
1.46703 -1.37402 0
1.49731 -1.26478 0
1.49274 -1.14286 0
1.50133 -1.04637 0
1.49662 -0.926137 0
1.52779 -0.853434 0
1.51325 -0.752437 0
1.50182 -0.65888 0
1.53171 -0.586066 0
1.52956 -0.502539 0
1.58504 -0.421006 0
1.55343 -0.339071 0
1.56876 -0.259004 0
1.57938 -0.183439 0
1.56707 -0.0958462 0
1.56979 -0.0257016 0
1.55937 0.0442382 0
1.59534 0.122054 0
1.57772 0.197215 0
1.57629 0.274399 0
1.58083 0.354082 0
1.57166 0.432171 0
1.60614 0.525744 0
1.62579 0.620015 0
1.58501 0.693295 0
1.60367 0.795197 0
1.58988 0.885824 0
1.55404 0.966364 0
1.5964 1.10231 0
1.62909 1.24441 0
1.60574 1.35336 0
1.59759 1.48327 0
1.63013 1.70654 0
1.6062 1.87644 0
1.6231 2.12001 0
1.27717 2.32192 0
0.786565 2.67683 0
0.0006758 0.00997714 0
-14.0821 91.4926 0
-1.6646 4.15927 0
-1.72902 2.66888 0
-1.63648 2.2473 0
-1.71864 2.10824 0
-1.79668 1.94793 0
-1.71865 1.70372 0
-1.70923 1.539 0
-1.72504 1.38143 0
-1.78151 1.2737 0
-1.77112 1.12833 0
-1.76779 1.01809 0
-1.76712 0.893138 0
-1.78967 0.799172 0
-1.7864 0.703682 0
-1.81811 0.617164 0
-1.80717 0.518198 0
-1.76182 0.414853 0
-1.75019 0.324379 0
-1.74392 0.237338 0
-1.74334 0.152523 0
-1.74865 0.0687047 0
-1.74997 -0.00952945 0
-1.78744 -0.0956156 0
-1.71116 -0.174175 0
-1.76016 -0.265006 0
-1.78464 -0.356996 0
-1.71696 -0.43006 0
-1.77093 -0.53508 0
-1.76941 -0.635283 0
-1.72531 -0.721253 0
-1.75193 -0.833266 0
-1.78295 -0.970562 0
-1.75292 -1.08207 0
-1.78163 -1.23882 0
-1.75877 -1.37099 0
-1.76602 -1.53518 0
-1.78738 -1.7336 0
-1.83323 -2.0094 0
-1.77928 -2.2519 0
-1.56276 -3.27638 0
-0.00222825 -0.00974859 0
-3.28121e-05 -0.00999995 0
0.712917 -3.2835 0
1.34213 -3.12389 0
1.5128 -2.45068 0
1.43394 -2.04788 0
1.44467 -1.8408 0
1.49484 -1.70832 0
1.44603 -1.48118 0
1.49516 -1.37309 0
1.52443 -1.27915 0
1.46029 -1.10293 0
1.49501 -1.02032 0
1.49708 -0.906234 0
1.53004 -0.828601 0
1.52057 -0.737532 0
1.52447 -0.656951 0
1.54487 -0.579541 0
1.53282 -0.492517 0
1.55468 -0.418408 0
1.54366 -0.336938 0
1.5679 -0.26415 0
1.54898 -0.185062 0
1.57603 -0.111948 0
1.57959 -0.0362044 0
1.5895 0.0398736 0
1.59493 0.127261 0
1.58764 0.198455 0
1.60585 0.279544 0
1.56131 0.34971 0
1.61023 0.442776 0
1.58883 0.514312 0
1.6091 0.607612 0
1.58727 0.688091 0
1.59087 0.775917 0
1.59564 0.8754 0
1.60296 0.982297 0
1.61185 1.09747 0
1.59731 1.22013 0
1.60446 1.37034 0
1.62871 1.55235 0
1.62578 1.72445 0
1.60034 1.89455 0
1.59111 2.10665 0
1.27505 2.30025 0
1.0978 2.30159 0
0.806626 3.52899 0
-0 0.01 0
-0.00215366 0.00976533 0
-1.71557 3.66869 0
-1.72073 2.45746 0
-1.70397 2.1712 0
-1.6463 1.88141 0
-1.71148 1.75309 0
-1.70788 1.59961 0
-1.74367 1.45344 0
-1.74814 1.30246 0
-1.78808 1.21176 0
-1.80005 1.08158 0
-1.77678 0.939764 0
-1.78361 0.836451 0
-1.77304 0.736702 0
-1.76662 0.642998 0
-1.86038 0.584364 0
-1.81856 0.476684 0
-1.73172 0.36613 0
-1.73742 0.281027 0
-1.72903 0.195103 0
-1.75636 0.113209 0
-1.75976 0.028812 0
-1.72874 -0.0660187 0
-1.72308 -0.154539 0
-1.71368 -0.237031 0
-1.72 -0.322665 0
-1.76091 -0.418695 0
-1.70997 -0.494366 0
-1.76944 -0.604954 0
-1.76243 -0.709815 0
-1.72635 -0.793556 0
-1.71884 -0.899544 0
-1.73197 -1.18755 0
-1.75533 -1.35912 0
-1.77693 -1.53787 0
-1.72645 -1.65272 0
-1.77795 -1.91076 0
-1.61021 -2.60208 0
-1.39554 -4.06724 0
-0.00108867 -0.00994056 0
0.00111035 -0.00993816 0
1.13227 -3.31179 0
1.51765 -2.7031 0
1.42139 -2.23655 0
1.38942 -1.95691 0
1.43571 -1.79687 0
1.44496 -1.61894 0
1.48168 -1.48816 0
1.4893 -1.34985 0
1.48284 -1.21967 0
1.4879 -1.11613 0
1.50662 -1.02102 0
1.51119 -0.921528 0
1.54488 -0.843172 0
1.52057 -0.737532 0
1.53582 -0.655873 0
1.53551 -0.576029 0
1.54396 -0.490513 0
1.55605 -0.413305 0
1.57626 -0.327863 0
1.57123 -0.243604 0
1.56122 -0.165826 0
1.56738 -0.0907312 0
1.56992 -0.0154269 0
1.56843 0.0701797 0
1.60309 0.149052 0
1.56438 0.221586 0
1.59124 0.303891 0
1.60399 0.386921 0
1.61237 0.471858 0
1.58788 0.548673 0
1.59686 0.639087 0
1.57423 0.717419 0
1.60203 0.82068 0
1.58111 0.901376 0
1.56981 0.997652 0
1.61003 1.13521 0
1.60892 1.25418 0
1.60756 1.38208 0
1.60365 1.53516 0
1.61328 1.72248 0
1.5684 1.86915 0
1.59019 2.11986 0
1.24826 2.26935 0
1.06998 2.28157 0
0.783511 3.53419 0
-2.18166e-05 0.00999998 0
-0.00224951 0.0097437 0
-1.73525 3.64835 0
-1.76598 2.42514 0
-1.71232 2.10049 0
-1.79626 1.9347 0
-1.70659 1.6589 0
-1.74502 1.51361 0
-1.75384 1.36105 0
-1.77609 1.22927 0
-1.77 1.1114 0
-1.77771 1.00067 0
-1.84156 0.923187 0
-1.80143 0.797343 0
-1.80962 0.699183 0
-1.84109 0.611556 0
-1.82979 0.511746 0
-1.76836 0.385986 0
-1.73458 0.298055 0
-1.74825 0.203052 0
-1.7456 0.123993 0
-1.74954 0.0400998 0
-1.76944 -0.0443876 0
-1.76528 -0.129231 0
-1.70741 -0.207738 0
-1.75462 -0.299513 0
-1.76753 -0.389812 0
-1.77574 -0.482025 0
-1.7487 -0.572408 0
-1.77528 -0.677028 0
-1.76824 -0.773445 0
-1.77389 -0.879604 0
-1.71143 -0.975665 0
-1.73254 -1.11441 0
-1.71378 -1.23088 0
-1.76412 -1.42856 0
-1.80971 -1.63663 0
-1.74838 -1.78694 0
-1.80847 -2.08496 0
-1.5616 -2.95246 0
-1.34935 -4.94936 0
-0.601339 -13.1162 0
0.00171499 -0.00985184 0
1.26853 -3.26203 0
1.55433 -2.6126 0
1.43247 -2.13376 0
1.45037 -1.92471 0
1.4508 -1.73286 0
1.48165 -1.58544 0
1.50815 -1.44692 0
1.48112 -1.29891 0
1.50909 -1.18703 0
1.47239 -1.05269 0
1.50439 -0.969999 0
1.4645 -0.843416 0
1.51936 -0.784635 0
1.53176 -0.690008 0
1.51461 -0.60237 0
1.56416 -0.525273 0
1.52841 -0.438263 0
1.55003 -0.354291 0
1.55447 -0.28286 0
1.55634 -0.206638 0
1.57443 -0.132568 0
1.57898 -0.0568774 0
1.56982 0.0239755 0
1.58682 0.100529 0
1.59068 0.172438 0
1.5707 0.247004 0
1.58642 0.328155 0
1.5979 0.41137 0
1.55403 0.491832 0
1.60559 0.588359 0
1.64001 0.691925 0
1.6255 0.773133 0
1.59814 0.849744 0
1.58439 0.935586 0
1.57946 1.03798 0
1.62484 1.18321 0
1.61296 1.29741 0
1.59462 1.44211 0
1.60515 1.61922 0
1.60675 1.79623 0
1.59986 2.0113 0
1.55683 2.21819 0
1.39234 2.26649 0
1.1975 2.22865 0
1.05084 2.27944 0
0.76131 3.48788 0
-0.296665 54.4792 0
-0.00221753 0.00975103 0
-1.71262 3.57051 0
-1.73462 2.39848 0
-1.68705 2.06948 0
-1.77005 1.93167 0
-1.69402 1.65746 0
-1.71425 1.53341 0
-1.74522 1.38821 0
-1.77338 1.26788 0
-1.78174 1.14883 0
-1.79182 1.01636 0
-1.83859 0.906692 0
-1.82234 0.799494 0
-1.8003 0.695579 0
-1.87905 0.624165 0
-1.86831 0.52252 0
-1.76449 0.403313 0
-1.77197 0.316433 0
-1.72561 0.223351 0
-1.76424 0.142722 0
-1.76885 0.0637171 0
-1.76987 -0.0212225 0
-1.7768 -0.106713 0
-1.71992 -0.186449 0
-1.74851 -0.274967 0
-1.75289 -0.362592 0
-1.76253 -0.453754 0
-1.72918 -0.534839 0
-1.75793 -0.637645 0
-1.77144 -0.740538 0
-1.76096 -0.837561 0
-1.73025 -0.941876 0
-1.7359 -1.07157 0
-1.78543 -1.21566 0
-1.76498 -1.33001 0
-1.78926 -1.50803 0
-1.78451 -1.6787 0
-1.70635 -2.16932 0
-1.48792 -3.14587 0
-0.00219642 -0.00975581 0
0 -13.12 0
0.773164 -3.50575 0
1.42171 -3.16538 0
1.49412 -2.36804 0
1.41258 -1.98953 0
1.46106 -1.85335 0
1.42899 -1.63306 0
1.46699 -1.50265 0
1.44954 -1.34879 0
1.4627 -1.24375 0
1.489 -1.14772 0
1.48493 -1.03494 0
1.52125 -0.962179 0
1.52217 -0.863415 0
1.53507 -0.775858 0
1.54761 -0.678968 0
1.53911 -0.594666 0
1.52624 -0.512539 0
1.55191 -0.428575 0
1.57927 -0.360976 0
1.54555 -0.276 0
1.54709 -0.200246 0
1.56489 -0.126595 0
1.57915 -0.0516962 0
1.56982 0.0239755 0
1.5961 0.11161 0
1.55971 0.179417 0
1.58704 0.270908 0
1.5538 0.337362 0
1.58412 0.424463 0
1.53336 0.490832 0
1.58643 0.610943 0
1.62165 0.709325 0
1.59471 0.790755 0
1.58988 0.885824 0
1.58801 0.987487 0
1.5964 1.10231 0
1.6132 1.23227 0
1.61966 1.38332 0
1.59252 1.51786 0
1.6052 1.70262 0
1.55517 1.84107 0
1.57906 2.09069 0
1.25719 2.32144 0
1.04988 2.25784 0
0.0021644 0.00976296 0
-2.18166e-05 0.00999998 0
-0.00218569 0.00975821 0
-1.63802 3.47311 0
-1.71722 2.43548 0
-1.68394 2.13606 0
-1.7211 1.98865 0
-1.78133 1.59342 0
-1.77328 1.4011 0
-1.75578 1.24086 0
-1.72533 1.10713 0
-1.80884 1.04699 0
-1.84744 0.933736 0
-1.83264 0.825545 0
-1.79097 0.691975 0
-1.81063 0.608043 0
-1.81848 0.515022 0
-1.72678 0.388766 0
-1.75228 0.312917 0
-1.73552 0.224635 0
-1.76424 0.142722 0
-1.75906 0.0575856 0
-1.77979 -0.0271824 0
-1.76646 -0.11191 0
-1.72924 -0.193201 0
-1.71798 -0.275945 0
-1.73212 -0.364226 0
-1.72233 -0.449435 0
-1.74105 -0.563587 0
-1.7544 -0.675631 0
-1.75908 -0.769438 0
-1.7678 -0.869365 0
-1.75157 -1.00618 0
-1.77925 -1.15268 0
-1.7946 -1.30683 0
-1.7827 -1.45326 0
-1.76738 -1.60887 0
-1.72833 -2.08734 0
-1.52014 -3.00767 0
-0.00244038 -0.00969766 0
-0.000261769 -0.00999657 0
0.0019295 -0.00981209 0
1.39739 -3.25252 0
1.5023 -2.43366 0
1.44541 -2.06426 0
1.44467 -1.8408 0
1.45533 -1.66317 0
1.43143 -1.49529 0
1.458 -1.38359 0
1.46551 -1.27117 0
1.49337 -1.17466 0
1.50728 -1.07267 0
1.51492 -0.972115 0
1.52516 -0.87835 0
1.51936 -0.784635 0
1.52568 -0.703348 0
1.51131 -0.610609 0
1.51998 -0.530802 0
1.5437 -0.457265 0
1.54443 -0.377921 0
1.56079 -0.303386 0
1.57355 -0.228153 0
1.58268 -0.152395 0
1.56819 -0.0753257 0
1.58 0.00344702 0
1.56827 0.0736013 0
1.58183 0.161011 0
1.5707 0.247004 0
1.55808 0.316995 0
1.58954 0.403691 0
1.56834 0.47949 0
1.60188 0.569205 0
1.5706 0.650562 0
1.60335 0.74977 0
1.57773 0.845508 0
1.60709 0.956118 0
1.60239 1.07575 0
1.61324 1.21567 0
1.57951 1.32241 0
1.58775 1.46446 0
1.62793 1.65295 0
1.62199 1.84953 0
1.63216 2.075 0
1.54228 2.22833 0
1.31533 2.1729 0
1.17558 2.24029 0
1.0268 2.27941 0
0.688331 3.42145 0
-0.000218149 0.00999762 0
-0.00246153 0.00969231 0
-1.69879 3.34314 0
-1.71054 2.31699 0
-1.68782 2.04298 0
-1.74722 1.85735 0
-1.73547 1.65775 0
-1.75489 1.50216 0
-1.78373 1.20034 0
-1.78794 1.0823 0
-1.76178 0.946639 0
-1.79893 0.85085 0
-1.83518 0.769555 0
-1.8418 0.670359 0
-1.77634 0.551567 0
-1.83948 0.475722 0
-1.70693 0.33761 0
-1.72032 0.260942 0
-1.7601 0.186951 0
-1.76704 0.102289 0
-1.78985 0.0234304 0
-1.73894 -0.0607251 0
-1.74399 -0.144914 0
-1.74494 -0.229726 0
-1.76143 -0.318519 0
-1.77335 -0.409411 0
-1.74204 -0.491307 0
-1.76195 -0.59594 0
-1.76856 -0.694408 0
-1.77228 -0.789069 0
-1.7681 -0.891195 0
-1.74937 -1.01 0
-1.79221 -1.16944 0
-1.78224 -1.30679 0
-1.7827 -1.45326 0
-1.80019 -1.61732 0
-1.76598 -2.14703 0
-1.59231 -3.15047 0
-0.00244038 -0.00969766 0
-0.000294569 -0.00999566 0
0.0019295 -0.00981209 0
1.36151 -3.25687 0
1.51232 -2.48616 0
1.38547 -2.02063 0
1.41438 -1.8516 0
1.44076 -1.6758 0
1.41833 -1.50773 0
1.46026 -1.41016 0
1.48864 -1.3055 0
1.46348 -1.1641 0
1.4933 -1.07502 0
1.47606 -0.958565 0
1.49444 -0.871529 0
1.54144 -0.785404 0
1.53859 -0.699167 0
1.52192 -0.611036 0
1.57783 -0.547142 0
1.55429 -0.456715 0
1.54525 -0.37455 0
1.56145 -0.29998 0
1.54434 -0.22048 0
1.58301 -0.148942 0
1.5588 -0.0612453 0
1.58994 0.0138752 0
1.57684 0.0998971 0
1.57898 0.186884 0
1.57891 0.258897 0
1.57445 0.336442 0
1.56342 0.424392 0
1.58098 0.506075 0
1.57907 0.602198 0
1.60333 0.70131 0
1.5973 0.785518 0
1.60441 0.880209 0
1.57952 0.982206 0
1.61373 1.12995 0
1.6171 1.24362 0
1.59685 1.36384 0
1.61423 1.53856 0
1.6094 1.68485 0
1.65172 1.92962 0
1.62918 2.12795 0
1.49623 2.22344 0
1.32996 2.28053 0
1.20168 2.33942 0
1.01313 2.35099 0
0.730716 3.87165 0
-0.000348995 0.00999391 0
-0.00252492 0.00967599 0
-1.66872 3.25745 0
-1.713 2.35239 0
-1.67441 2.05398 0
-1.74978 1.90955 0
-1.70117 1.66446 0
-1.72923 1.5165 0
-1.75275 1.37868 0
-1.75982 1.23513 0
-1.75665 1.09503 0
-1.80386 1.01538 0
-1.76684 0.871309 0
-1.80402 0.791459 0
-1.83992 0.703994 0
-1.85652 0.596527 0
-1.8331 0.499759 0
-1.70237 0.359924 0
-1.72663 0.285067 0
-1.7575 0.209974 0
-1.74638 0.112566 0
-1.75954 0.0403289 0
-1.76958 -0.0386123 0
-1.75571 -0.122771 0
-1.73854 -0.199987 0
-1.75654 -0.288023 0
-1.76026 -0.376146 0
-1.76609 -0.479405 0
-1.77911 -0.575906 0
-1.73574 -0.668443 0
-1.80618 -0.811238 0
-1.7681 -0.891195 0
-1.78505 -1.19837 0
-1.82888 -1.37816 0
-1.84278 -1.55314 0
-1.80636 -1.69925 0
-1.811 -1.92091 0
-1.65929 -2.70105 0
-1.46255 -4.30853 0
-2.07019 -19.4904 0
0.00114278 -0.00993449 0
1.13227 -3.31179 0
1.46702 -2.67402 0
1.37298 -2.20793 0
1.37583 -1.97868 0
1.40762 -1.7936 0
1.4224 -1.62554 0
1.4203 -1.46436 0
1.44513 -1.35351 0
1.46314 -1.22772 0
1.45304 -1.11246 0
1.49167 -1.0252 0
1.48812 -0.920874 0
1.50706 -0.828958 0
1.49778 -0.738622 0
1.53149 -0.665911 0
1.52427 -0.577494 0
1.51218 -0.491337 0
1.53401 -0.41822 0
1.55231 -0.344139 0
1.53747 -0.264185 0
1.56822 -0.192554 0
1.55571 -0.115609 0
1.5697 -0.0308249 0
1.5795 0.0396228 0
1.56581 0.114629 0
1.55851 0.189621 0
1.57719 0.269225 0
1.56245 0.344586 0
1.58805 0.447877 0
1.56644 0.518416 0
1.58841 0.605762 0
1.59417 0.697303 0
1.59471 0.790755 0
1.59861 0.890691 0
1.5965 0.992768 0
1.57172 1.08527 0
1.62909 1.24441 0
1.58281 1.33403 0
1.64156 1.5241 0
1.63384 1.70298 0
1.61884 1.87876 0
1.63001 2.1147 0
1.28747 2.30478 0
1.09235 2.27094 0
0.827242 3.56529 0
6.54494e-05 0.00999979 0
-9.46534 42.9186 0
-1.65732 3.57448 0
-1.74835 2.46245 0
-1.67847 2.11489 0
-1.80383 1.96853 0
-1.70117 1.66446 0
-1.69916 1.49012 0
-1.73013 1.34266 0
-1.76787 1.22358 0
-1.79424 1.11031 0
-1.81143 0.980987 0
-1.75451 0.850998 0
-1.83671 0.791508 0
-1.87257 0.702474 0
-1.80891 0.581232 0
-1.79609 0.483379 0
-1.71952 0.375324 0
-1.7454 0.294054 0
-1.73764 0.207601 0
-1.7456 0.123993 0
-1.78953 0.0410164 0
-1.79957 -0.0392668 0
-1.75487 -0.13426 0
-1.73719 -0.211361 0
-1.74573 -0.292134 0
-1.78833 -0.388285 0
-1.74833 -0.468462 0
-1.7696 -0.572826 0
-1.75158 -0.654888 0
-1.82839 -0.78554 0
-1.81556 -0.88551 0
-1.78002 -1.16979 0
-1.77797 -1.3126 0
-1.82712 -1.50948 0
-1.81915 -1.65599 0
-1.75189 -2.15854 0
-1.59224 -3.22874 0
-0.00235566 -0.00971858 0
-0.000163705 -0.00999866 0
0.696824 -3.36868 0
1.38414 -3.19289 0
1.46511 -2.33903 0
1.38876 -1.96963 0
1.41153 -1.79052 0
1.45417 -1.65088 0
1.41549 -1.46901 0
1.40723 -1.33541 0
1.43937 -1.24024 0
1.4657 -1.14513 0
1.51079 -1.06772 0
1.48437 -0.945647 0
1.47594 -0.843568 0
1.51217 -0.77675 0
1.49307 -0.678482 0
1.48674 -0.591283 0
1.54177 -0.529008 0
1.49815 -0.434912 0
1.53674 -0.367181 0
1.55259 -0.293028 0
1.53718 -0.198962 0
1.54453 -0.130051 0
1.549 -0.0557975 0
